0!1,1,4,0
11!6,6,4,0
12!1,1,4,0
22!4,4,6,0
32!6,6,6,0
33!2,2,2,0
39!1,1,10,0
49!4,4,2,0
52!4,4,6,0
54!4,4,9,0
55!4,4,12,0
56!4,4,9,0
57!6,6,9,0
58!6,6,2,0
60!2,2,10,0
62!2,2,5,0
66!2,2,6,0
72!2,2,2,0
74!4,4,6,0
76!4,4,10,0
77!4,4,6,0
79!4,4,10,0
80!4,4,2,0
82!5,5,10,0
84!5,5,9,0
87!5,5,6,0
89!5,5,12,0
90!5,5,2,0
91!1,1,4,0
92!2,2,4,0
98!4,4,6,0
99!4,4,9,0
100!4,4,6,0
102!4,4,9,0
103!1,1,2,0
106!1,1,6,0
107!1,1,10,0
108!1,1,2,0
109!1,1,10,0
111!1,1,11,0
117!6,6,6,0
120!1,1,2,0
128!1,1,10,2
139!4,4,2,0
142!4,4,6,0
143!4,4,9,0
144!4,4,6,0
146!4,4,9,0
147!6,6,2,0
150!2,2,10,0
152!2,2,5,0
155!2,2,6,0
161!2,2,2,0
164!4,4,6,0
165!4,4,10,0
167!4,4,6,0
168!4,4,10,0
170!4,4,2,0
172!5,5,10,0
174!5,5,2,0
175!5,5,9,0
178!5,5,6,0
180!5,5,9,0
183!2,2,4,0
186!4,4,6,0
188!4,4,9,0
189!4,4,6,0
190!4,4,9,0
192!6,6,2,0
194!2,2,6,0
196!2,2,10,0
197!2,2,2,0
198!2,2,10,0
200!2,2,11,0
206!1,1,6,0
208!1,1,2,0
210!1,6,2,0
211!1,4,9,0
214!1,1,11,0
217!2,2,4,2
222!4,4,12,2
223!4,4,10,2
224!4,4,2,2
228!2,2,6,0
233!2,2,11,0
239!2,2,9,0
244!2,2,5,0
247!2,2,2,0
248!2,2,11,0
250!5,5,2,0
253!4,4,6,0
254!4,4,10,0
256!4,4,6,0
257!4,4,10,0
259!4,4,2,0
261!5,5,9,0
263!5,5,5,0
266!5,5,12,0
267!1,1,6,0
268!1,1,2,0
272!2,6,9,0
273!2,4,6,0
276!2,4,10,0
278!2,2,11,0
282!2,2,10,0
283!6,2,12,0
284!4,2,10,0
288!6,2,2,0
289!2,2,12,0
292!2,2,10,0
295!2,2,11,0
302!2,2,2,0
303!2,2,5,0
304!2,2,9,0
306!1,1,10,0
311!1,1,6,0
313!1,1,9,0
317!2,2,11,0
322!2,2,6,0
328!2,2,2,0
329!2,2,5,0
333!2,2,10,0
338!2,2,11,0
340!5,5,2,0
342!4,4,10,0
344!4,4,9,0
345!4,4,10,0
347!4,4,9,0
348!4,4,4,0
351!5,5,9,0
353!5,5,5,0
356!5,5,6,0
357!1,1,2,0
358!1,1,9,0
362!1,1,5,0
366!1,1,10,0
367!6,6,11,0
368!1,1,11,0
371!1,1,6,0
373!1,1,9,0
374!1,1,10,0
377!1,1,2,0
379!1,1,6,0
381!1,1,2,0
384!1,1,10,0
392!1,1,9,0
395!1,1,2,0
396!1,1,9,0
397!6,6,9,0
398!1,1,9,0
400!4,4,6,0
401!4,4,2,0
402!4,4,12,0
403!4,4,9,0
405!6,6,6,0
406!12,12,12,0
410!7,8,2,0
411!7,8,8,0
415!7,8,9,0
417!7,8,6,0
421!7,8,9,0
425!6,6,10,0
428!6,6,2,0
429!6,6,10,0
439!6,6,10,0
442!6,6,12,0
443!6,6,6,0
445!6,6,2,0
446!6,6,12,0
448!6,6,2,0
449!2,2,10,0
455!11,11,10,0
456!11,11,8,0
460!11,11,14,0
462!11,11,6,0
465!11,11,14,0
467!12,12,2,0
470!6,6,10,0
473!6,6,2,0
478!6,6,4,0
479!6,6,6,0
484!6,6,10,0
487!6,6,9,0
490!6,6,11,0
493!6,6,12,0
494!2,2,5,0
495!4,4,4,0
498!4,4,6,0
500!2,2,10,0
501!2,2,9,0
504!2,2,12,0
506!2,2,4,0
507!2,2,13,0
509!2,2,9,0
510!2,2,2,0
511!3,3,9,0
515!1,1,14,0
523!1,1,2,0
524!1,1,11,0
525!1,1,12,0
529!1,1,5,0
532!1,1,11,0
534!1,1,6,0
536!6,6,2,0
537!1,1,10,0
539!1,1,5,0
540!4,4,2,0
541!5,5,6,4
548!5,5,9,4
550!6,6,10,4
552!5,5,10,4
562!2,2,6,2
567!2,2,9,2
568!2,2,6,2
577!2,2,2,2
579!2,2,11,2
584!2,2,2,2
585!2,4,5,2
588!4,4,5,2
591!2,2,11,2
592!2,2,10,2
593!2,2,11,2
596!4,2,5,2
599!4,4,5,2
602!2,2,9,2
603!2,2,4,2
604!6,6,10,2
607!5,5,11,2
613!5,5,6,2
616!4,4,5,2
619!4,4,10,2
621!4,4,6,2
624!2,2,11,2
626!2,2,6,2
629!6,6,2,2
630!4,4,5,2
635!6,6,9,2
637!2,2,2,2
638!2,2,9,2
640!2,2,2,2
641!2,2,5,2
644!4,4,5,2
647!6,6,9,2
648!2,2,2,2
649!2,2,9,2
651!1,1,2,2
652!4,4,5,2
669!6,6,6,2
671!2,2,10,2
674!2,2,6,2
675!2,2,9,2
678!4,4,9,2
681!2,2,9,2
682!2,2,10,2
683!2,2,12,2
685!2,2,10,2
686!2,2,11,2
689!4,4,11,2
692!2,2,6,2
639!2,2,10,2
694!6,6,6,2
697!5,5,6,2
703!5,5,9,2
706!5,5,6,2
708!5,5,10,2
709!5,5,6,2
711!5,5,10,2
714!5,5,5,2
719!6,6,10,2
720!4,4,10,2
725!6,6,6,2
727!2,2,6,2
730!2,2,10,2
731!2,2,6,2
734!4,4,4,2
736!6,6,6,2
738!2,2,6,2
741!1,1,10,2
742!4,4,5,2
764!6,6,10,0
765!2,2,11,0
767!2,2,10,0
768!2,2,2,0
770!2,2,9,0
774!2,2,10,0
775!6,6,13,0
776!4,4,6,2
779!4,4,12,2
780!4,4,2,2
782!2,2,11,0
785!2,2,9,0
787!6,6,12,0
788!2,2,6,0
792!2,2,5,0
795!2,2,9,0
797!4,4,11,0
806!6,6,10,0
807!2,2,9,0
808!2,2,2,0
815!2,2,9,0
819!2,2,5,0
823!6,6,5,0
825!2,2,4,0
826!2,2,10,0
827!2,2,9,0
829!2,2,10,0
831!2,2,2,0
832!2,2,11,0
843!4,4,5,2
846!4,4,10,2
849!4,4,6,2
853!4,4,9,2
854!6,6,12,2
855!5,5,5,2
865!5,5,10,2
873!4,4,5,2
